{
 "cells": [
  {
   "cell_type": "markdown",
   "metadata": {},
   "source": [
    "### Intro and $d=2$\n",
    "\n",
    "This is just an agglomeration of functions written in the python files.\n",
    "\n",
    "Here we load the projections and verify that they work."
   ]
  },
  {
   "cell_type": "code",
   "execution_count": 1,
   "metadata": {},
   "outputs": [
    {
     "name": "stdout",
     "output_type": "stream",
     "text": [
      "[[ 0.77783078 -0.36231635 -0.07862925]\n",
      " [-0.36231635  0.83282838 -0.33979895]\n",
      " [-0.07862925 -0.33979895  0.43710464]]\n",
      "[[ 0.83862107 -0.22458657 -0.29137029]\n",
      " [-0.22458657  0.68744911 -0.40549192]\n",
      " [-0.29137029 -0.40549192  0.47392982]]\n",
      "[[ 1.         -0.36231635 -0.07862925]\n",
      " [-0.36231635  1.         -0.33979895]\n",
      " [-0.07862925 -0.33979895  1.        ]]\n",
      "[[ 0.77783078 -0.36231635 -0.07862925]\n",
      " [-0.36231635  0.83282838 -0.33979895]\n",
      " [-0.07862925 -0.33979895  0.43710464]]\n"
     ]
    }
   ],
   "source": [
    "from RRR import *\n",
    "from kissProject import *\n",
    "from rankProject import *\n",
    "\n",
    "d = 2\n",
    "k = 3\n",
    "\n",
    "#Need this to escape an awkward rut, where everything stays positive for a long time.\n",
    "X = semiDefProject(np.random.rand(k, k)*2 - 1)\n",
    "\n",
    "\n",
    "print X\n",
    "print rankProject(X, 2, True)\n",
    "print kissProject(X)\n",
    "print X"
   ]
  },
  {
   "cell_type": "markdown",
   "metadata": {
    "collapsed": true
   },
   "source": [
    "Next, we run RRR, using these projections."
   ]
  },
  {
   "cell_type": "code",
   "execution_count": 2,
   "metadata": {
    "collapsed": true
   },
   "outputs": [],
   "source": [
    "Y, errors, sols = RRR(X, lambda x: rankProject(x, d, False), kissProject, 0.5, 0.0001, 10000, True)"
   ]
  },
  {
   "cell_type": "markdown",
   "metadata": {},
   "source": [
    "It works."
   ]
  },
  {
   "cell_type": "code",
   "execution_count": 3,
   "metadata": {},
   "outputs": [
    {
     "data": {
      "image/png": "iVBORw0KGgoAAAANSUhEUgAAAXgAAAD8CAYAAAB9y7/cAAAABHNCSVQICAgIfAhkiAAAAAlwSFlz\nAAALEgAACxIB0t1+/AAAADl0RVh0U29mdHdhcmUAbWF0cGxvdGxpYiB2ZXJzaW9uIDIuMS4wLCBo\ndHRwOi8vbWF0cGxvdGxpYi5vcmcvpW3flQAAIABJREFUeJzt3XmYVPWd7/H3t3pla5qGVrBZuoGW\nSDQKNA0To3GJCXoTMJtCojGTxUQlxkkm95qbe52M89x5skxmJmOIEU2euCVoEjUkDwlJJjqajCwN\nAgqINHsDQrOvvVTX9/5R1VoU1XQ1dNep5fN6nk7XOedX1Z9Ul58+/OrUOebuiIhI7gkFHUBERPqG\nCl5EJEep4EVEcpQKXkQkR6ngRURylApeRCRHqeBFRHKUCl5EJEep4EVEclRhUD942LBhXl1dHdSP\nFxHJSitWrNjn7pWpjA2s4Kurq2loaAjqx4uIZCUz25bqWE3RiIjkKBW8iEiOUsGLiOQoFbyISI5S\nwYuI5CgVvIhIjlLBi4jkqKwr+BXbDvDt37+OLjUoInJmWVfwr+08woMvbKLp4Mmgo4iIZLSsK/j6\nmgoAlm05EHASEZHMlnUFP+H8QZSVFqrgRUS6kXUFHwoZU6srWL5VBS8iciZZV/AQnabZvO84e4+2\nBB1FRCRjZW3BAyzfcjDgJCIimSsrC/7iqsH0Kypg2Zb9QUcREclYWVnwRQUhJo8pZ9lW7cGLiHQl\nKwseoL56KK+/eYTDJ9qDjiIikpGyt+BrKnCHhm06mkZEJJmsLfhJo8spKjCW6XBJEZGksrbgS4sK\neNfIcn3gSUSkCykVvJnNMLMNZtZoZvcm2f5vZrYq9vWGmR3q/ainq6+p4NWmw5xoC6fjx4mIZJVu\nC97MCoB5wPXARGCOmU2MH+Puf+ful7n7ZcADwDN9ETZRfU0F4Yjzyva0/D0REckqqezB1wON7r7Z\n3duABcCsM4yfA/y8N8J1Z8qYIYRMJx4TEUkmlYKvAnbELTfF1p3GzMYANcCfu9h+u5k1mFlDc3Nz\nT7Oepqy0iItGlKngRUSSSKXgLcm6rq62MRv4pbt3JNvo7vPdvc7d6yorK1PNeEb1NRWs3H6QtnCk\nVx5PRCRXpFLwTcCouOWRwK4uxs4mTdMznabVVNAajvDqTs3Di4jES6XglwO1ZlZjZsVES3xh4iAz\nmwAMAV7u3YhnNrW68wIgOm2BiEi8bgve3cPAXGAxsB542t3Xmtn9ZjYzbugcYIGn+WKpQweWMK5y\ngE48JiKSoDCVQe6+CFiUsO6+hOVv9l6snqmvGcpvV++iI+IUhJK9ZSAikn+y9pOs8abVVHC0Nczr\nbx4JOoqISMbIiYKfqgtxi4icJicKvqq8H1Xl/VTwIiJxcqLgITpNs2zLAdL8Hq+ISMbKmYKvr6lg\n//E2Nu87HnQUEZGMkDMFr3l4EZFT5UzBjx02gGEDi1XwIiIxOVPwZkZ9bB5eRERyqOAB6qsr2Hno\nJE0HTwQdRUQkcDlV8J3z8Mt1nVYRkdwq+HcML2NQaaGmaUREyLGCLwgZU6s1Dy8iAjlW8BA9Hn5T\n83H2HWsNOoqISKByruA7zw+/XHvxIpLncq7gL6kaTGlRiKUqeBHJczlX8MWFISaPHqIjaUQk7+Vc\nwUN0Hn7d7iMcaWkPOoqISGBSKngzm2FmG8ys0czu7WLMTWa2zszWmtnPejdmz9RXV+AOK7bqOq0i\nkr+6LXgzKwDmAdcDE4E5ZjYxYUwt8HXgcnd/J3BPH2RN2aTRQygMGcs0TSMieSyVPfh6oNHdN7t7\nG7AAmJUw5vPAPHc/CODue3s3Zs/0Ky7gXSMH63h4EclrqRR8FbAjbrkpti7ehcCFZvZXM1tiZjOS\nPZCZ3W5mDWbW0NzcfHaJUzS1poI1TYc42dbRpz9HRCRTpVLwlmRd4mWTCoFa4CpgDvCImZWfdif3\n+e5e5+51lZWVPc3aI9NqKmjvcF7ZoXl4EclPqRR8EzAqbnkksCvJmF+7e7u7bwE2EC38wEwZU4EZ\nLN+igheR/JRKwS8Has2sxsyKgdnAwoQxzwFXA5jZMKJTNpt7M2hPDe5XxEXDy1i2dX+QMUREAtNt\nwbt7GJgLLAbWA0+7+1ozu9/MZsaGLQb2m9k64Hnga+4eeLPW11SwYttB2sKRoKOIiKRdYSqD3H0R\nsChh3X1xtx34SuwrY9TXVPDT/97Ka7sOM3n0kKDjiIikVU5+krWTTjwmIvkspwu+clAJYysH6Hh4\nEclLOV3wED1twfKtB4hEEo/sFBHJbblf8DUVHGkJs2HP0aCjiIikVV4UPKBpGhHJOzlf8COH9Keq\nvJ8KXkTyTs4XPMDU6iEs3XKA6NGcIiL5IS8Kvr5mKPuOtbJ1/4mgo4iIpE2eFHznPHzgH64VEUmb\nvCj4cZUDGDqgWBfiFpG8khcFb2ZMjR0PLyKSL/Ki4CE6TbPjwEl2HToZdBQRkbTIq4IHtBcvInkj\nbwr+ohFlDCop1Dy8iOSNvCn4gpAxpXqIziwpInkjbwoeotM0G/ceY/+x1qCjiIj0ubwq+GlvzcPr\nOq0ikvtSKngzm2FmG8ys0czuTbL902bWbGarYl+f6/2o5+6SqnJKCkM6L42I5IVuL9lnZgXAPOA6\noAlYbmYL3X1dwtCn3H1uH2TsNcWFISaNLteRNCKSF1LZg68HGt19s7u3AQuAWX0bq+/U1wxl7a7D\nHG1pDzqKiEifSqXgq4AdcctNsXWJPmpma8zsl2Y2KtkDmdntZtZgZg3Nzc1nEffcTaupIOKwYpvm\n4UUkt6VS8JZkXeJ5d38DVLv7u4A/AY8meyB3n+/ude5eV1lZ2bOkvWTS6HIKQ6ZpGhHJeakUfBMQ\nv0c+EtgVP8Dd97t757GHDwNTeide7+tfXMjFVYP1RquI5LxUCn45UGtmNWZWDMwGFsYPMLMRcYsz\ngfW9F7H3TaupYPWOw7S0dwQdRUSkz3Rb8O4eBuYCi4kW99PuvtbM7jezmbFhd5vZWjNbDdwNfLqv\nAveG+poK2joirNpxKOgoIiJ9ptvDJAHcfRGwKGHdfXG3vw58vXej9Z26MRWYwfItB5g+dmjQcURE\n+kRefZK10+D+RUw4fxDL9EariOSwvCx4gOljh7JsywH26bw0IpKj8rbgb5k+hvaOCA+/uDnoKCIi\nfSJvC378eQOZeekFPPbyNu3Fi0hOytuCB7j72lpawx089F+bgo4iItLr8rrgx1YO5MbLqnh8yTaa\nj2ovXkRyS14XPMDca8bTFo5oL15Eck7eF/zYyoHcOKmKJ5ZuY+/RlqDjiIj0mrwveIC7r6mlvcP5\n0Qs6okZEcocKHqgeNoAPT6riyaXb2HtEe/EikhtU8DFfumY84YjzoObiRSRHqOBjxgwdwEcmVfHk\n0u3s0V68iOQAFXycL11TS0fEefAF7cWLSPZTwccZPbQ/H51cxc+WbefNw9qLF5HspoJP8KVraolE\nnAdfaAw6iojIOVHBJxhV0Z+PTRnJz5ftYPfhk0HHERE5ayr4JO66ejwR11y8iGS3lArezGaY2QYz\nazSze88w7mNm5mZW13sR029URX8+XjeSBct2sOuQ9uJFJDt1W/BmVgDMA64HJgJzzGxiknGDiF6P\ndWlvhwzCXVePx3F+qLl4EclSqezB1wON7r7Z3duABcCsJOP+CfgOkBOHn4wc0p+P143iqeXaixeR\n7JRKwVcBO+KWm2Lr3mJmk4BR7v7bXswWuLuuHg/AvOe1Fy8i2SeVgrck6/ytjWYh4N+Ar3b7QGa3\nm1mDmTU0NzennjIgVeX9uKluFE837KDp4Img44iI9EgqBd8EjIpbHgnsilseBFwMvGBmW4HpwMJk\nb7S6+3x3r3P3usrKyrNPnUZ3XT0ew5j3vI6oEZHskkrBLwdqzazGzIqB2cDCzo3uftjdh7l7tbtX\nA0uAme7e0CeJ0+yC8n7cPHUUv9BevIhkmW4L3t3DwFxgMbAeeNrd15rZ/WY2s68DZoI7rx5HyExz\n8SKSVQpTGeTui4BFCevu62LsVeceK7OMGNyP2fWj+NnS7dx51XhGVfQPOpKISLf0SdYU3XnVeEIh\n4wd/1l68iGQHFXyKhg8u5RP1o/nVyia279dcvIhkPhV8D9xx1bjoXvzzG4OOIiLSLRV8D5xf1rkX\nv5Nt+48HHUdE5IxU8D1051XjKNRcvIhkARV8D51XVsonpo3mmVd2snWf9uJFJHOp4M/CHe+N7sU/\noL14EclgKvizcF5ZKbdMH8OzrzSxRXvxIpKhVPBn6QvvHUtxYYgH/qwjakQkM6ngz9J5g0q5ZdoY\nnntlJ5ubjwUdR0TkNCr4c/CF946juDDEv/1Je/EiknlU8OegclAJX7hyHL9ZvYvHXt4adBwRkVOo\n4M/R3dfW8r6LzuMff7OO/3oj8y9iIiL5QwV/jgpCxvdnT+LC8wcx98mVbNxzNOhIIiKACr5XDCgp\n5Me31VFaXMBnHl3O/mOtQUcSEVHB95YLyvvx8Kfq2HuklS88voLWcEfQkUQkz6nge9Flo8r53k2X\n0rDtIF//1au4e/d3EhHpIykVvJnNMLMNZtZoZvcm2f5FM3vVzFaZ2V/MbGLvR80OH3zXBXz1ugt5\n5pWd/PAFXahbRILTbcGbWQEwD7gemAjMSVLgP3P3S9z9MuA7wL/2etIsMvea8dx42QV8d/EGFr26\nO+g4IpKnUtmDrwca3X2zu7cBC4BZ8QPc/Ujc4gAgr+cmzIxvffRdTBkzhK88vYrVOw4FHUlE8lAq\nBV8F7IhbboqtO4WZ3WVmm4juwd/dO/GyV2lRAQ/dOoVhA0v43GMN7Dp0MuhIIpJnUil4S7LutD10\nd5/n7uOA/wX8n6QPZHa7mTWYWUNzc+5/KGjYwBJ+8umpnGzr4HOPNnC8NRx0JBHJI6kUfBMwKm55\nJLDrDOMXADcm2+Du8929zt3rKisrU0+ZxS48fxA/+MQkXn/zCF9esIqOSF7PXolIGqVS8MuBWjOr\nMbNiYDawMH6AmdXGLf4PQGffinPVhPP4hw+9kz+t38N3fv960HFEJE8UdjfA3cNmNhdYDBQAP3H3\ntWZ2P9Dg7guBuWb2PqAdOAjc1pehs9Ft765mU/MxHnpxM2MrB3Dz1NFBRxKRHNdtwQO4+yJgUcK6\n++Juf7mXc+Wk+z44kS37jvONZ19jdMUA/mbc0KAjiUgO0ydZ06iwIMS8T06mZtgAvvjECl3uT0T6\nlAo+zcpKi/jxbVMpCBmf/elyDp1oCzqSiOQoFXwARg/tz0O3TqHp4EnueGIl7R2RoCOJSA5SwQdk\nanUF3/roJby8eT//97nXdGIyEel1Kb3JKn3jI5NHsrn5OD94vpHx5w3kc1eMDTqSiOQQFXzAvnLd\nhWzed4z/t2g9Q/oXc+OkKgpCyT48LCLSM5qiCVgoZHzv45dx6chyvvqL1Vz1L8/z4AubdFUoETln\nFtTcb11dnTc0NATyszNRWzjCH9a9yeMvb2PplgMUF4S44ZLh3DJ9DFPGDMFMe/UiAma2wt3rUhqr\ngs88G/cc5cml2/nViiaOtoZ5x/BB3DJ9DDdOqmJgiWbVRPKZCj5HHG8Ns3D1Lh5/eRvrdh9hYEkh\nH55UxS3TxzBh+KCg44lIAFTwOcbdeWXHIZ5Yso3frtlNWzjC1Ooh3DJ9DDMuHk5JYUHQEUUkTVTw\nOezg8TZ+sWIHTy7dzrb9Jxg6oJibpo7iE/WjGVXRP+h4ItLHVPB5IBJxXmrcxxNLtvGf6/fgwNUT\nzuOW6aN574Xn6VBLkRylgs8zuw6d5OfLtrNg+Q6aj7YypH8R76mt5IraYVxRO4wRg/sFHVFEeokK\nPk+1d0T447o9/Gn9Hl7auI/mo9Fj6WvPG8h7aodxZW0l08ZW0L9YR+KIZCsVvODubNhzlJfe2MdL\njftYunk/reEIxQUhpowZwhUXRgt/4ogyQprOEckaKng5TUt7Bw1bD/LSxmZe3LiP9buPAFAxoJj3\njB8Wm86pZPjg0oCTisiZ9HrBm9kM4PtEL9n3iLt/K2H7V4DPAWGgGfiMu28702Oq4IO192gLf23c\nx0tv7OPFjfvYd+zt6Zwraiu54sJhXD5uGMWFOpuFSCbp1YI3swLgDeA6oInoRbjnuPu6uDFXA0vd\n/YSZ3QFc5e43n+lxVfCZI34658WNzSzbcoDWcISLq8p46NY6qsr1Jq1IpuhJwaeye1YPNLr7Zndv\nAxYAs+IHuPvz7n4itrgEGNmTwBIsM+Mdw8v4/JVjefyz01j9D+/n+7MvY9u+E8x84C8s2bw/6Igi\nchZSKfgqYEfcclNsXVc+C/zuXEJJsEqLCph1WRXPzb2cwf2L+OQjS/npX7fooiQiWSaVgk92iEXS\n/9LN7BagDvhuF9tvN7MGM2tobm5OPaUEYlzlQJ6763KunlDJN3+zjr//xRpa2juCjiUiKUql4JuA\nUXHLI4FdiYPM7H3AN4CZ7p70ZObuPt/d69y9rrKy8mzySpqVlRYx/9Y6vnxtLb9a2cTND73M7sMn\ng44lIilIpeCXA7VmVmNmxcBsYGH8ADObBDxEtNz39n5MCVIoZPzddRcy/9YpbGo+zoce+AvLthwI\nOpaIdKPbgnf3MDAXWAysB55297Vmdr+ZzYwN+y4wEPiFma0ys4VdPJxksfe/czjP3fVuykqL+MTD\nS3j85a2alxfJYPqgk/TYkZZ27lmwij+/vpeb6kZy/6yLKS3SKYtF0qG3D5MUOUVZaRGPfKqOL10z\nnqcbmrh5/hLePNwSdCwRSaCCl7MSChlfff8EfnTLZBr3HOWDD/yFhq2alxfJJCp4OSczLh7Bc3dd\nzsCSAuY8vIQnl57xDBUikkYqeDlntecP4tdz38Pl44fxjWdf4+vPrKE1rOPlRYKmgpdeMbhfET++\nbSp3XT2Ony/bwZz5S9hzRPPyIkFSwUuvKQgZX/vAO/jhJyfz+ptH+dADf2HFtoNBxxLJWyp46XU3\nXDKCZ++8nNKiAmbPf5nfv/Zm0JFE8pIKXvrEhOGDWDj3ci6uGsw9T73CazsPBx1JJO+o4KXPlPcv\nZv6tdVT0L+bzjzWw96jm5EXSSQUvfapyUAnzP1XHoRPtfPHxFTq6RiSNVPDS5y6uGsz3brqUldsP\n8b+feU3nrxFJExW8pMUNl4zgnvdFTzn8yEtbgo4jkhdU8JI2d19Tyw2XDOeff7ee51/XWaVF+poK\nXtImFDL+5eOXctHwMu7++Ss07j0adCSRnKaCl7TqX1zIw7fVUVJUwGcfbeDQibagI4nkLBW8pF1V\neT8eunUKuw+1cNfPVtLeEQk6kkhOUsFLIKaMGcI/f+QS/tq4n3/67bqg44jkpJQK3sxmmNkGM2s0\ns3uTbL/SzFaaWdjMPtb7MSUXfWzKSD5/RQ2PvbxNpxkW6QPdFryZFQDzgOuBicAcM5uYMGw78Gng\nZ70dUHLbvddfxFUTKvmHX6/l5U37g44jklNS2YOvBxrdfbO7twELgFnxA9x9q7uvATSZKj1SEDL+\nY84kxgztz51PrmD7/hNBRxLJGakUfBWwI265KbZOpFeUlUbPJR9x+Nxjyzna0h50JJGckErBW5J1\nZ/VZczO73cwazKyhubn5bB5CclT1sAH88JOT2dR8nL97ahUdEZ3OQORcpVLwTcCouOWRwK6z+WHu\nPt/d69y9rrKy8mweQnLY5eOHcd8HJ/Kn9Xv5lz9sCDqOSNZLpeCXA7VmVmNmxcBsYGHfxpJ89am/\nGcOc+tE8+MImnntlZ9BxRLJatwXv7mFgLrAYWA887e5rzex+M5sJYGZTzawJ+DjwkJmt7cvQkrvM\njH+c+U6m1VTwP3+1hle265J/ImfLgjp1a11dnTc0NATysyXzHTjexqx5f6G1PcLCue9h+ODSoCOJ\nZAQzW+HudamM1SdZJSNVDCjmkU9N5XhrmNsfb6ClXRcKEekpFbxkrAnDB/Hvsyfx6s7DfO2Xa3Sh\nEJEeUsFLRrtu4vl87QMT+M3qXcx5eAmrdhwKOpJI1lDBS8a7473j+KdZ76Rx7zFunPdX7nhiBZua\njwUdSyTj6U1WyRrHWsP8+KUtzH9xEy3hCDfVjeTL116oN2Alr/TkTVYVvGSdfcda+cGfG3ly6TZC\nZvzt5TXc8d5xDO5fFHQ0kT6ngpe8sOPACf71j2/w3KqdDCop5M6rx/Ppd1dTWlQQdDSRPqOCl7yy\nbtcRvrP4dV7Y0MzwslLueV8tH5syksICvcUkuUfHwUtemXhBGT/923oW3D6d4YNLufeZV/nAv7/I\n71/brUMrJa+p4CVnTB87lGfvfDc/umUKAF98YiUf/uF/60IikrdU8JJTzIwZFw9n8T1X8u2PXsKb\nh1uY8/ASbvvJMtbtOhJ0PJG00hy85LSW9g4e/e+t/PCFTRxpaedD77qAD116AfXVFTrqRrKS3mQV\nSXD4RDs/enETP/3rVk62d2AGFw0vY/rYoUwfW0F9TQXl/YuDjinSLRW8SBda2jtYveMQSzYfYOmW\n/azYdpDWcESFL1lDBS+SotZwB6t3HGbJ5v0s2Xxq4b9jeBnTx1YwfexQpqnwJUOo4EXOUmu4gzVN\nh1myaT9LYnv4Le2nF/7U6goqBqjwJf1U8CK9JL7wl245QMO2A7S0RwAYVFpIVXm/6NeQt79fUN6P\nkeX9GDawhFAo2TXrRc5eTwq+MMUHnAF8HygAHnH3byVsLwEeA6YA+4Gb3X1rT0KLZKKSwgKmVlcw\ntbqCLwFt4Qhrmg6xcvtBmg6eZNehkzQdPMmyrQc42hI+5b7FBSFGlJee8kegs/yrhvRjxOB+FBfq\nSGXpO90WvJkVAPOA64AmYLmZLXT3dXHDPgscdPfxZjYb+DZwc18EFglScWGIuuoK6qorTtt2pKWd\nXYdOsvPgSXbGfz90kv96o5m9R1tPGW8GQweUUNavkEGlRZSVFjKotJBBJUXR76Wd3+O3n7pOfyDk\nTFLZg68HGt19M4CZLQBmAfEFPwv4Zuz2L4EfmJm5PicueaSstIiy4UW8Y3hZ0u2t4Q7ePNzCzoMn\naToU3fvfc6SFIyfDHGlp52hLmF2HTnK0JczRljAnU7hMYUlhiLJ+RQwsKaS4IERJUejU74UFFBeG\nKC4MUfLW94K3lksSthUXFFAQgoJQiMKQURD3dfpy6LRthSEjFDIKzAiZYSEImREyMAyzt5dDFl02\n0zRWX0ml4KuAHXHLTcC0rsa4e9jMDgNDgX29EVIkF5QUFjBm6ADGDB2Q0vj2jgjHYmXf+QfgaOL3\n1ujtY60dtIU7aA1HaAtHaGmPcORkmNZwB22xda3x3zsiffz/NnVmYHQW/6l/BDrL32L/Y0TXWfzt\nuMeB+G1v/1GxU37eqX9QOhfjV3c+6lvburrvaf9nut4Wf98vX1vLhy694LTnorelUvDJ/rwm7pmn\nMgYzux24HWD06NEp/GiR/FVUEGLIgGKG9MHROpGI09YRLfr48m8LR+iIePTLnY5IhHBH520nHHE6\nEpcjEToiRMd23jfiuEPE3/4ecXBiy5HocnT729sicffpiEQrxOPuF112PG7922OIjYmOTbxfdAtv\njY+NPHXDKWM86X0Sx721HDfgtPJLWDG4X3o+RZ1KwTcBo+KWRwK7uhjTZGaFwGDgQOIDuft8YD5E\nj6I5m8Aicu5CIaM0VKBz5+e4VN6hWQ7UmlmNmRUDs4GFCWMWArfFbn8M+LPm30VEgtXtHnxsTn0u\nsJjoYZI/cfe1ZnY/0ODuC4EfA4+bWSPRPffZfRlaRES6l9Jx8O6+CFiUsO6+uNstwMd7N5qIiJwL\nHUQrIpKjVPAiIjlKBS8ikqNU8CIiOUoFLyKSowI7XbCZNQPbzvLuw8i+0yAoc3pkW+ZsywvKnC5d\nZR7j7pWpPEBgBX8uzKwh1fMhZwplTo9sy5xteUGZ06U3MmuKRkQkR6ngRURyVLYW/PygA5wFZU6P\nbMucbXlBmdPlnDNn5Ry8iIh0L1v34EVEpBsZXfBmNsPMNphZo5ndm2R7iZk9Fdu+1Myq05/ylDyj\nzOx5M1tvZmvN7MtJxlxlZofNbFXs675kj5VOZrbVzF6N5WlIst3M7D9iz/MaM5scRM5Ylglxz90q\nMztiZvckjAn8OTazn5jZXjN7LW5dhZn90cw2xr4P6eK+t8XGbDSz25KNSWPm75rZ67Hf+7NmVt7F\nfc/4Gkpz5m+a2c643/8NXdz3jP2S5sxPxeXdamarurhvz55nj11RJdO+iJ6aeBMwFigGVgMTE8bc\nCfwodns28FTAmUcAk2O3BwFvJMl8FfDboJ/fhExbgWFn2H4D8DuiV+6aDiwNOnPca+RNoscFZ9Rz\nDFwJTAZei1v3HeDe2O17gW8nuV8FsDn2fUjs9pAAM78fKIzd/nayzKm8htKc+ZvA36fw2jljv6Qz\nc8L27wH39cbznMl78G9d7Nvd24DOi33HmwU8Grv9S+BaC/AKvu6+291Xxm4fBdYTvV5ttpsFPOZR\nS4ByMxsRdCjgWmCTu5/tB+b6jLu/yOlXNYt/vT4K3Jjkrh8A/ujuB9z9IPBHYEafBY2TLLO7/8Hd\nw7HFJUSv6JYxunieU5FKv/SJM2WO9ddNwM9742dlcsEnu9h3YlmecrFvoPNi34GLTRdNApYm2fw3\nZrbazH5nZu9Ma7DkHPiDma2IXTc3USq/iyDMpuv/EDLtOQY43913Q3RnADgvyZhMfa4BPkP0X3LJ\ndPcaSre5sWmln3QxFZapz/MVwB5339jF9h49z5lc8L12se90M7OBwK+Ae9z9SMLmlUSnFC4FHgCe\nS3e+JC5398nA9cBdZnZlwvaMe55jl4+cCfwiyeZMfI5TlXHPNYCZfQMIA092MaS711A6PQiMAy4D\ndhOd8kiUkc8zMIcz77336HnO5ILvycW+sTNc7DudzKyIaLk/6e7PJG539yPufix2exFQZGbD0hwz\nMdOu2Pe9wLNE//kaL5XfRbpdD6x09z2JGzLxOY7Z0zm1Ffu+N8mYjHuuY2/0fhD4pMcmghOl8BpK\nG3ff4+4d7h4BHu4iSyY+z4XAR4CnuhrT0+c5kws+6y72HZs/+zGw3t3/tYsxwzvfJzCzeqK/g/3p\nS3langFmNqjzNtE31V5LGLYwhSfOAAABQklEQVQQ+FTsaJrpwOHOqYYAdbmnk2nPcZz41+ttwK+T\njFkMvN/MhsSmFt4fWxcIM5sB/C9gpruf6GJMKq+htEl4f+jDXWRJpV/S7X3A6+7elGzjWT3P6XjX\n+Bzebb6B6JEom4BvxNbdT/TFBlBK9J/ojcAyYGzAed9D9J95a4BVsa8bgC8CX4yNmQusJfqu/RLg\n3QFnHhvLsjqWq/N5js9swLzY7+FVoC7gzP2JFvbguHUZ9RwT/eOzG2gnurf4WaLvD/0nsDH2vSI2\ntg54JO6+n4m9phuBvw04cyPRuerO13PnUWsXAIvO9BoKMPPjsdfpGqKlPSIxc2z5tH4JKnNs/U87\nX8NxY8/pedYnWUVEclQmT9GIiMg5UMGLiOQoFbyISI5SwYuI5CgVvIhIjlLBi4jkKBW8iEiOUsGL\niOSo/w+PK/NUjeD+HwAAAABJRU5ErkJggg==\n",
      "text/plain": [
       "<matplotlib.figure.Figure at 0x7f53bfd4b890>"
      ]
     },
     "metadata": {},
     "output_type": "display_data"
    },
    {
     "name": "stdout",
     "output_type": "stream",
     "text": [
      "[[ 0.77783078 -0.36231635 -0.07862925]\n",
      " [-0.36231635  0.83282838 -0.33979895]\n",
      " [-0.07862925 -0.33979895  0.43710464]]\n",
      "[[ 0.88708227 -0.6129069  -0.61288803]\n",
      " [-0.6129069   0.88709973 -0.61290587]\n",
      " [-0.61288803 -0.61290587  0.88708125]]\n",
      "[[ 1.  -0.5 -0.5]\n",
      " [-0.5  1.  -0.5]\n",
      " [-0.5 -0.5  1. ]]\n",
      "[[ 0.99998652 -0.50000263 -0.49998379]\n",
      " [-0.50000263  1.00000402 -0.5000016 ]\n",
      " [-0.49998379 -0.5000016   0.99998549]]\n",
      "(array([  1.32473870e-17,   1.49996977e+00,   1.50000626e+00]), array([[ 0.57735023, -0.69697161, -0.42532021],\n",
      "       [ 0.57735035, -0.01985225,  0.81625515],\n",
      "       [ 0.57735023,  0.71682387, -0.3909351 ]]))\n"
     ]
    }
   ],
   "source": [
    "plt.plot(errors)\n",
    "plt.show()\n",
    "print X\n",
    "print Y\n",
    "print kissProject(Y)\n",
    "print sols\n",
    "\n",
    "print eig(sols)"
   ]
  },
  {
   "cell_type": "markdown",
   "metadata": {},
   "source": [
    "Clearly, we care about the eigenvectors that aren't nearly 0, so we se"
   ]
  },
  {
   "cell_type": "code",
   "execution_count": 4,
   "metadata": {},
   "outputs": [
    {
     "name": "stdout",
     "output_type": "stream",
     "text": [
      "[-0.85361238 -0.52090873]\n",
      "[-0.02431394  0.99970427]\n",
      "[ 0.87792633 -0.47879575]\n"
     ]
    }
   ],
   "source": [
    "centers = eig(sols)[1][:, 1:]\n",
    "centers = centers/norm(centers[0])\n",
    "print centers[0]\n",
    "print centers[1]\n",
    "print centers[2]"
   ]
  },
  {
   "cell_type": "code",
   "execution_count": 5,
   "metadata": {},
   "outputs": [
    {
     "name": "stdout",
     "output_type": "stream",
     "text": [
      "1.0\n",
      "[[ 1.         -0.5        -0.4999999 ]\n",
      " [-0.5         0.99999979 -0.5       ]\n",
      " [-0.4999999  -0.5         1.        ]]\n",
      "[[ 1.  -0.5 -0.5]\n",
      " [-0.5  1.  -0.5]\n",
      " [-0.5 -0.5  1. ]]\n"
     ]
    }
   ],
   "source": [
    "print norm(centers[0])\n",
    "print np.matmul(centers, centers.transpose())\n",
    "print np.round(sols, 4)"
   ]
  },
  {
   "cell_type": "markdown",
   "metadata": {},
   "source": [
    "Fantastic! We've solved something very, very easy. Now, let's try 3 dimensions."
   ]
  },
  {
   "cell_type": "markdown",
   "metadata": {},
   "source": [
    "### $d=3$"
   ]
  },
  {
   "cell_type": "code",
   "execution_count": 6,
   "metadata": {
    "collapsed": true
   },
   "outputs": [],
   "source": [
    "d = 3\n",
    "k = 6\n",
    "X = semiDefProject(np.random.rand(k, k)*2 - 1)\n",
    "\n",
    "Y, errors, sols = RRR(X, lambda x: rankProject(x, d, False), kissProject, 0.5, 1e-8, 10000, True)"
   ]
  },
  {
   "cell_type": "code",
   "execution_count": 7,
   "metadata": {},
   "outputs": [
    {
     "data": {
      "image/png": "iVBORw0KGgoAAAANSUhEUgAAAXcAAAD8CAYAAACMwORRAAAABHNCSVQICAgIfAhkiAAAAAlwSFlz\nAAALEgAACxIB0t1+/AAAADl0RVh0U29mdHdhcmUAbWF0cGxvdGxpYiB2ZXJzaW9uIDIuMS4wLCBo\ndHRwOi8vbWF0cGxvdGxpYi5vcmcvpW3flQAAGW5JREFUeJzt3Xt0nPV95/H3d266yzddLMsX2bHj\nGw4Gi1sgCc2lBxwap5v0YLohNNvUTTY5Id3kbLNpN7tNT/csZ7ekDdBQN0kT0hwaGlggXULKFghh\nISzyDYNtEuELlq/yTbJsybp9948ZGSGPpLE98qPneT6vc+Z4nnl+nvlq/OgzP//meX4/c3dERCRa\nEkEXICIixadwFxGJIIW7iEgEKdxFRCJI4S4iEkEKdxGRCFK4i4hEkMJdRCSCFO4iIhGUCuqFa2pq\nvKmpKaiXFxEJpQ0bNhxx99rx2gUW7k1NTbS0tAT18iIioWRmewppp2EZEZEIUriLiESQwl1EJIIU\n7iIiEaRwFxGJIIW7iEgEKdxFRCIodOG+42Anf/kvr3PsVG/QpYiITFqhC/ed7ae45+lWDnX2BF2K\niMikFbpwL8skAejuGwi4EhGRySt84Z7OhntPr8JdRGQ0oQv38lzP/bTCXURkVKEL96Geu4ZlRERG\nF75wHxpzV89dRGRU4Qt39dxFRMYVunAvz2SnoNeYu4jI6EIX7iWpbMnquYuIjC504Z5IGKXpBD0K\ndxGRUYUu3CE7NHO6tz/oMkREJq1QhntZOkl372DQZYiITFrhDPdMku4+9dxFREYTznBPJ3Weu4jI\nGMIZ7pmkToUUERlDOMM9ndTZMiIiYxg33M1sjpk9Y2bbzew1M7szT5sbzazDzDbnbl+bmHKzytJJ\nnecuIjKGVAFt+oEvuftGM6sCNpjZU+6+bUS7X7j7LcUv8VzlGpYRERnTuD13dz/g7htz908C24HG\niS5sLKUZDcuIiIzlvMbczawJuAJ4Kc/u68xsi5n91MyWj/L315lZi5m1tLe3n3exQ8rT6rmLiIyl\n4HA3s0rgYeCL7t45YvdGYJ67Xw7cAzya7zncfb27N7t7c21t7YXWnDvPfQB3v+DnEBGJsoLC3czS\nZIP9h+7+yMj97t7p7l25+08AaTOrKWqlw5RlkrjDmX5dpSoikk8hZ8sY8B1gu7vfPUqbmbl2mNnV\nuec9WsxChzs7p7uGZkRE8irkbJnrgduBrWa2OffYV4G5AO5+P/Bx4LNm1g90A2t9AsdMhi/YMW2i\nXkREJMTGDXd3fx6wcdrcC9xbrKLGU6ZFskVExhTaK1QBnQ4pIjKKUIa7ltoTERlbKMO9LKOl9kRE\nxhLOcE9ne+7dWo1JRCSvcIZ75q2zZURE5FyhDPfyoXDXUnsiInmFMtxL00OnQmpYRkQkn1CGu06F\nFBEZWyjDPZNKkEqYToUUERlFKMMdtBqTiMhYwhvumaQmDhMRGUW4w109dxGRvMIb7mn13EVERhPe\ncFfPXURkVOENd/XcRURGFdpwL89okWwRkdGENtxL00ldxCQiMorQhrt67iIiowttuOsiJhGR0YU3\n3DMphbuIyCjCG+7pJL39gwwMetCliIhMOuENdy21JyIyqhCH+9Ai2ZrTXURkpPCG+9Cc7lqNSUTk\nHKEN96Gl9k73qecuIjJSaMN9qOeuKQhERM41brib2Rwze8bMtpvZa2Z2Z542ZmbfNLNWM3vFzK6c\nmHLfUja0SLa+UBUROUeqgDb9wJfcfaOZVQEbzOwpd982rM3NwKLc7RrgW7k/J4x67iIioxu35+7u\nB9x9Y+7+SWA70Dii2RrgAc/6JTDVzBqKXu0w5eq5i4iM6rzG3M2sCbgCeGnErkZg77DtNs79ACiq\n0lzPXfPLiIicq+BwN7NK4GHgi+7eOXJ3nr9yzqWjZrbOzFrMrKW9vf38Kh1haMxdM0OKiJyroHA3\nszTZYP+huz+Sp0kbMGfY9mxg/8hG7r7e3Zvdvbm2tvZC6j3r7KmQ6rmLiJyjkLNlDPgOsN3d7x6l\n2ePAJ3NnzVwLdLj7gSLWeY7SlL5QFREZTSFny1wP3A5sNbPNuce+CswFcPf7gSeA1UArcBr4VPFL\nfbtEwihNJzQsIyKSx7jh7u7Pk39MfXgbBz5XrKIKVZbWgh0iIvmE9gpVgHLN6S4ikleow700ndCY\nu4hIHqEO97KMltoTEckn1OFenk5pPncRkTxCHe6lmSTdfZrPXURkpFCHe3k6SY/G3EVEzhHqcC/L\nJLVYh4hIHqEP924tsycico5wh3s6Sbe+UBUROUf4w71vgOwFsiIiMiTc4Z5JMuhwpl9DMyIiw4U7\n3NOa011EJJ9Qh7uW2hMRyS/U4V6mBTtERPIKd7intWCHiEg+4Q53DcuIiOQV6nA/O+aunruIyNuE\nOtxL0xpzFxHJJ9ThrlMhRUTyC3W4V5Rkl4A9eUZTEIiIDBfqcK+pLKEsnWRX+6mgSxERmVRCHe7J\nhPHOmVVsP9AZdCkiIpNKqMMdYFlDFTsOdmryMBGRYUIf7ktmVnP8dB+HT54JuhQRkUkjAuFeBcA2\nDc2IiJwV/nBvqAZgx4GTAVciIjJ5hD7cp5SlaZxaxo6D6rmLiAwZN9zN7LtmdtjMXh1l/41m1mFm\nm3O3rxW/zLEt0RkzIiJvU0jP/XvATeO0+YW7r8zdvn7xZZ2fJQ1VvNF+ijP9ulJVRAQKCHd3fw44\ndglquWBLG6oZGHRaD3cFXYqIyKRQrDH368xsi5n91MyWF+k5C7ZkZvZL1e36UlVEBIBUEZ5jIzDP\n3bvMbDXwKLAoX0MzWwesA5g7d24RXjqraUY5JakEOzTuLiICFKHn7u6d7t6Vu/8EkDazmlHarnf3\nZndvrq2tvdiXPiuVTLB4ZhU7DqrnLiICRQh3M5tpZpa7f3XuOY9e7POer6EzZjQNgYhIYadCPgi8\nCCw2szYz+30z+4yZfSbX5OPAq2a2BfgmsNYDSNglM6s5eqqX9i5NQyAiMu6Yu7vfNs7+e4F7i1bR\nBVo67ErVuqrSgKsREQlW6K9QHTI0x4wuZhIRKc7ZMpPCtIoMjVPL+B8/e52fvXaQaxbM4MMrGris\ncUrQpYmIXHKR6bkD3P+JVXz6PQsA+LvndvKHP9gQcEUiIsGITM8dYMXsKayYne2p/+W/vM59z7Qy\nMOgkExZwZSIil1akeu7D1VeXMuhwVGfPiEgMRTrcAQ529gRciYjIpRfhcC8B4FCneu4iEj8RDvds\nz/2Qeu4iEkORDfcZFRkSBocV7iISQ5EN91QyQW1ViYZlRCSWIhvukB2a0ReqIhJHkQ73uqpSjbmL\nSCxFOtzrq0s4fFLDMiISPxEP91KOnerVwtkiEjuRDveZudMh29V7F5GYiXS41+lCJhGJqUiHuy5k\nEpG4UriLiERQpMN9WnmaTDKhYRkRiZ1Ih7uZUVddoikIRCR2Ih3ukB2aOXRS4S4i8RKDcNf8MiIS\nP5EP97qqUg51qOcuIvES+XCvry7l5Jl+Tp3pD7oUEZFLJgbhnr2QSXPMiEicRD7cZ+pcdxGJociH\ne53CXURiaNxwN7PvmtlhM3t1lP1mZt80s1Yze8XMrix+mRfurYWyFe4iEh+F9Ny/B9w0xv6bgUW5\n2zrgWxdfVvFUlqQozyR1OqSIxMq44e7uzwHHxmiyBnjAs34JTDWzhmIVeLHMLHshk3ruIhIjxRhz\nbwT2Dttuyz02adRXl3BYPXcRiZFihLvleczzNjRbZ2YtZtbS3t5ehJcujKYgEJG4KUa4twFzhm3P\nBvbna+ju69292d2ba2tri/DShRkalnHP+5kjIhI5xQj3x4FP5s6auRbocPcDRXjeoqmrKqGnb5DO\nbl2lKiLxkBqvgZk9CNwI1JhZG/BfgDSAu98PPAGsBlqB08CnJqrYC7WgtgKAHQc7uWbBjICrERGZ\neOOGu7vfNs5+Bz5XtIomwJVzpwHQsue4wl1EYiHyV6gCTC3PsLCukpbdY53RKSISHbEId4DmedPY\nsOc4g4P6UlVEoi824b5q3jQ6e/ppbe8KuhQRkQkXm3BvbpoOQMvu4wFXIiIy8WIT7k0zyplRkaFl\nj8bdRST6YhPuZsaq3Li7iEjUxSbcAZqbprHn6GnatSqTiERcrMJ91bzsuPsGDc2ISMTFKtwva6wm\nk0roS1URibxYhXtJKsnls6fQonF3EYm4WIU7ZIdmXtvfQU/fQNCliIhMmNiFe/O8afQNOJv3ngi6\nFBGRCRO7cL9q/nRKUgke25x3ynkRkUiIXbhPKUuzZuUsHt20j47uvqDLERGZELELd4BPXtdEd98A\nD29oC7oUEZEJEctwv6xxClfOncoPfrlHs0SKSCTFMtwh23vfdeQUz7ceCboUEZGii22437xiJjMq\nMjzw4p6gSxERKbpxl9mLqpJUkrVXz+Fvnn2Dl3cfY9/xbl7efYyydJI/eO8C6qtLgy5RROSCWXYJ\n1EuvubnZW1paAnntIftOdPOeu55maNi9siRFT98AqaRxx7ub+Oz73sHU8kygNYqIDGdmG9y9ebx2\nse25AzROLeMbt67kxOk+rmqazuKZVbQdP803nvoV65/bycMb9vH0l99HdWk66FJFRM5LbMfch6xZ\n2cgd725i2axqkglj3owK/mrtFTzw767mSNcZntx6MOgSRUTOW+zDfTQ3LKyhaUY5j27eF3QpIiLn\nTeE+CjNjzcpGXtx5lIMdPUGXIyJyXhTuY/joFY24w0+2aB4aEQkXhfsY5tdUcPnsKRqaEZHQUbiP\nY83KRl7b30nr4ZNBlyIiUrCCwt3MbjKz182s1cy+kmf/75lZu5ltzt0+XfxSg3HL5Q0kDB7dpKEZ\nEQmPccPdzJLAfcDNwDLgNjNblqfpj9x9Ze727SLXGZi6qlKuX1jDY1v2EdQFXyIi56uQnvvVQKu7\n73T3XuAfgTUTW9bk8tGVjew91s2zv2oPuhQRkYIUEu6NwN5h2225x0b6mJm9YmY/NrM5+Z7IzNaZ\nWYuZtbS3hycoV69oYGFdJV9+aAv7T3QHXY6IyLgKCXfL89jI8YmfAE3u/i7g/wDfz/dE7r7e3Zvd\nvbm2tvb8Kg1QWSbJ396+it7+QT7zDxu0uLaITHqFhHsbMLwnPht427eL7n7U3c/kNv8OWFWc8iaP\nd9RWcvetK3mlrYP//OirGn8XkUmtkHB/GVhkZvPNLAOsBR4f3sDMGoZtfgTYXrwSJ48PLavnCx9Y\nxD9taOPPfrKNjtNag1VEJqdxZ4V0934z+zzwMyAJfNfdXzOzrwMt7v448AUz+wjQDxwDfm8Caw7U\nFz+wiKNdZ/j+i7t5ZGMbn/uNhdzx7iZK08mgSxMROSvW87lfjO0HOrnryR08+3o7VzVN46E/vA6z\nfF9PiIgUT6HzuesK1Qu0tKGa733qav58zXJe3n2cf37lQNAliYicpXC/SL97zTyWNlRz15M7ONOv\ns2hEZHJQuF+kZML4k9VLaTvezQMvaLFtEZkcFO5FcMOiGm5cXMs9T/+a46d6gy5HREThXixfXb2U\nrjP93PN0a9CliIgo3IvlnfVV3HrVXL73wi7+4ZcanhGRYI17nrsU7k8/vJRDnT386aOvsvfYaf74\npiUkEjo9UkQuPfXci6iiJMX621fxiWvn8rfP7eTzD25kz9FTQZclIjGknnuRpZIJ/nzNZcybXsF/\n++l2nth6kOWzqlm9ooEPLq3nnfWVuthJRCacrlCdQG3HT/Pkqwf531sPsOnNEwDMmlLK+xbX8huL\n67hhUQ3lGX2+ikjhCr1CVeF+iRzo6ObZ19v5+evtPN96hK4z/ZSkEly/sIbfXFbPzSsamFKWDrpM\nEZnkFO6TWN/AIC/vOsZT2w/x1LZDtB3vJpNK8KGl9Xx81WxuXFyroRsRyUvhHhLuzittHfyvTft4\nfMt+jp3q5cbFtdz1sXdRX10adHkiMsko3EOot3+QH760h7ue3EFJKsnX1yznI5fPUi9eRM5SuIfY\nzvYuvvRPW9j05gkqS1LMr6lgfk0F76yvZPmsKSxvrKauSr16kThSuIfcwKDz6KZ9bN3Xwa4jp9h5\npIu9x95anHtmdSnXLJjOtQtmcO2CGTTNKFcPXyQGFO4RdLKnj237O3ltfycb3zzOS7uO0X4yu3Rt\n49QyblhYww2Larhm/nTqNF4vEkkK9xhwd3YeOcULbxzl+V+388IbRznZ0w/AnOllNM+bTnPTNJrn\nTWdRXaWmQhCJAIV7DPUPDLJ1Xwcb9hynZfdxWvYc50hXtmdfXZrig8vq+ZPVS5lRWRJwpSJyoRTu\ngrvz5rHTvLz7OP9v11Ee3bSf6rI0d31sBR9YWh90eSJyARTuco7tBzr5ox9tZsfBk9zaPIev/dYy\nKko0/YFImGiBbDnH0oZqHvv89Xz2xnfw0Ia93HLP87zSdiLoskRkAijcY6YkleSPb1rCg39wLT19\nA/ybv3mBbz37BgODwfwPTkQmhsI9pq5dMIMn73wvv7m8nrue3MGH7v45j2xso39gMOjSRKQIFO4x\nNqU8zX2/eyX3f+JKMqkE/+GhLXzw7p/z9/9319nz50UknPSFqgAwOOg8tf0Q9z3TyittHSQMrl9Y\nw+oVDVz/jhrmTC/TFbAik0BRz5Yxs5uAvwaSwLfd/b+P2F8CPACsAo4Ct7r77rGeU+E+ef3q0Eke\n37yfx7bsOzvlQePUMq5ZMJ0VjVNYPmsKy2ZVU6kzbUQuuaKFu5klgV8BHwLagJeB29x927A2/x54\nl7t/xszWAr/t7reO9bwK98nP3XmjvYsX3zjKC28c5eXdxzjS1Xt2/8zq0uykZrUVzJ5WxqwpZTRM\nKaW+upSaqhIqMkn19kWKrNBwL6TrdTXQ6u47c0/8j8AaYNuwNmuA/5q7/2PgXjMzD2rMR4rCzFhY\nV8XCuipuv64JgMOdPby6v4Nt+zvZeeQUu46c4qdbD3D8dN85f780nWBGRQlTytJMLU8zpSxNVWmK\nypI0lSVJyktSlGeSlKWTlJ69JShJJcmkEqSTRkkqQTqZIJVMkE4YqWSCZMJIJYxk7pZKmD5EREYo\nJNwbgb3DttuAa0Zr4+79ZtYBzACOFKNImTzqqkt5f3Up71/y9itcT53p50BHDwc6ujnceYYjXdnb\n0VO9dHb3ceJ0H62Hu+g6009XTz9dvf0U86PfDJJmJMyy9xNv3X/bn2Q/tMzI3Qdj+LadfT6G7R/5\nWnb2/lv73tZqjM+aQj6GJtuH1eSqJvxuvWoOn37Pggl9jULCPd+/68hfy0LaYGbrgHUAc+fOLeCl\nJSwqSlIsrKtkYV1lQe0HB52e/gFO9w7Q3TtAd98AZ/oG6enP/tk7MEBv/yC9A07/wCB9A4P0DTgD\ng07fwCD9g9n7g4NO/6Az6NnbwCAMuuPuDDpnz98f2u+ePTB96L6DM/zx7DYAfu5B7H5279s+nHxE\nm9EU9Hk2yf6/65OtoAiouQTzOxUS7m3AnGHbs4H9o7RpM7MUMAU4NvKJ3H09sB6yY+4XUrBEQyJh\nlGdSlGf0pazIRCjkPPeXgUVmNt/MMsBa4PERbR4H7sjd/zjwtMbbRUSCM263KTeG/nngZ2RPhfyu\nu79mZl8HWtz9ceA7wA/MrJVsj33tRBYtIiJjK+j/xO7+BPDEiMe+Nux+D/A7xS1NREQulKYfEBGJ\nIIW7iEgEKdxFRCJI4S4iEkEKdxGRCApsyl8zawf2XOBfr0FTG+g90HsAeg/i+PPPc/fa8RoFFu4X\nw8xaCpkVLcr0Hug9AL0Hcf/5x6JhGRGRCFK4i4hEUFjDfX3QBUwCeg/0HoDeg7j//KMK5Zi7iIiM\nLaw9dxERGUPowt3MbjKz182s1cy+EnQ9l4KZzTGzZ8xsu5m9ZmZ35h6fbmZPmdmvc39OC7rWiWRm\nSTPbZGb/nNueb2Yv5X7+H+WmpI4sM5tqZj82sx25Y+G6GB4Df5T7HXjVzB40s9K4HQeFClW45xbr\nvg+4GVgG3GZmy4Kt6pLoB77k7kuBa4HP5X7urwD/6u6LgH/NbUfZncD2Ydt3Ad/I/fzHgd8PpKpL\n56+BJ919CXA52fciNseAmTUCXwCa3f0yslOQryV+x0FBQhXuDFus2917gaHFuiPN3Q+4+8bc/ZNk\nf6kbyf7s3881+z7w0WAqnHhmNhv4MPDt3LYB7ye7IDtE/+evBt5Ldu0E3L3X3U8Qo2MgJwWU5VZ8\nKwcOEKPj4HyELdzzLdbdGFAtgTCzJuAK4CWg3t0PQPYDAKgLrrIJ91fAfwQGc9szgBPu3p/bjvqx\nsABoB/4+NzT1bTOrIEbHgLvvA/4n8CbZUO8ANhCv46BgYQv3ghbijiozqwQeBr7o7p1B13OpmNkt\nwGF33zD84TxNo3wspIArgW+5+xXAKSI8BJNP7vuENcB8YBZQQXaIdqQoHwcFC1u4F7JYdySZWZps\nsP/Q3R/JPXzIzBpy+xuAw0HVN8GuBz5iZrvJDsW9n2xPfmruv+cQ/WOhDWhz95dy2z8mG/ZxOQYA\nPgjscvd2d+8DHgHeTbyOg4KFLdwLWaw7cnLjy98Btrv73cN2DV+Y/A7gsUtd26Xg7v/J3We7exPZ\nf/On3f3fAs+QXZAdIvzzA7j7QWCvmS3OPfQBYBsxOQZy3gSuNbPy3O/E0HsQm+PgfITuIiYzW022\n1za0WPdfBFzShDOzG4BfAFt5a8z5q2TH3R8C5pI98H/H3Y8FUuQlYmY3Al9291vMbAHZnvx0YBPw\nCXc/E2R9E8nMVpL9QjkD7AQ+RbaDFptjwMz+DLiV7Blkm4BPkx1jj81xUKjQhbuIiIwvbMMyIiJS\nAIW7iEgEKdxFRCJI4S4iEkEKdxGRCFK4i4hEkMJdRCSCFO4iIhH0/wHC9MYJ/i8ICQAAAABJRU5E\nrkJggg==\n",
      "text/plain": [
       "<matplotlib.figure.Figure at 0x7f53b7c6a690>"
      ]
     },
     "metadata": {},
     "output_type": "display_data"
    },
    {
     "name": "stdout",
     "output_type": "stream",
     "text": [
      "[[ 0.67316197 -0.51332833  0.44356773 -0.00093454  0.61600992 -0.03119004]\n",
      " [-0.51332833 -0.39440568  0.14693265  0.03670732 -0.18725171  0.20433751]\n",
      " [ 0.44356773  0.14693265  0.37246888  0.17096014  0.24312306 -0.80353696]\n",
      " [-0.00093454  0.03670732  0.17096014 -0.3034336  -0.15410144  0.12183745]\n",
      " [ 0.61600992 -0.18725171  0.24312306 -0.15410144 -0.57665815 -0.17833585]\n",
      " [-0.03119004  0.20433751 -0.80353696  0.12183745 -0.17833585  0.62977196]]\n",
      "[[ 1.         -0.43201316  0.45386853  0.449514   -0.45283408 -0.45902241]\n",
      " [-0.43201316  1.          0.45438449  0.45278221  0.44673935  0.43955121]\n",
      " [ 0.45386853  0.45438449  1.          0.442897    0.43850642 -0.45872429]\n",
      " [ 0.449514    0.45278221  0.442897    1.         -0.45464731  0.436495  ]\n",
      " [-0.45283408  0.44673935  0.43850642 -0.45464731  1.         -0.43523898]\n",
      " [-0.45902241  0.43955121 -0.45872429  0.436495   -0.43523898  1.        ]]\n",
      "[[ 1.         -0.43201316  0.45386853  0.449514   -0.45283408 -0.45902241]\n",
      " [-0.43201316  1.          0.45438449  0.45278221  0.44673935  0.43955121]\n",
      " [ 0.45386853  0.45438449  1.          0.442897    0.43850642 -0.45872429]\n",
      " [ 0.449514    0.45278221  0.442897    1.         -0.45464731  0.436495  ]\n",
      " [-0.45283408  0.44673935  0.43850642 -0.45464731  1.         -0.43523898]\n",
      " [-0.45902241  0.43955121 -0.45872429  0.436495   -0.43523898  1.        ]]\n",
      "[[ 1.         -0.43201316  0.45386853  0.449514   -0.45283408 -0.45902241]\n",
      " [-0.43201316  1.          0.45438448  0.45278221  0.44673935  0.43955121]\n",
      " [ 0.45386853  0.45438448  1.          0.442897    0.43850642 -0.45872429]\n",
      " [ 0.449514    0.45278221  0.442897    1.         -0.45464731  0.436495  ]\n",
      " [-0.45283408  0.44673935  0.43850642 -0.45464731  1.         -0.43523898]\n",
      " [-0.45902241  0.43955121 -0.45872429  0.436495   -0.43523898  1.        ]]\n",
      "(array([  2.01813584e+00,   1.99325605e+00,   1.98860809e+00,\n",
      "         1.40715540e-16,  -2.91420027e-16,  -1.39542566e-16]), array([[ 0.59040677, -0.34060468,  0.18117826, -0.164762  , -0.5534299 ,\n",
      "        -0.17147453],\n",
      "       [ 0.06421653,  0.4692295 , -0.52724601,  0.49182906, -0.63126734,\n",
      "         0.26354488],\n",
      "       [ 0.60019873,  0.36884881, -0.03015572, -0.35014552,  0.43365694,\n",
      "         0.45445046],\n",
      "       [ 0.44114318, -0.16734081, -0.52659185,  0.12954368,  0.31150781,\n",
      "        -0.52068976],\n",
      "       [-0.04431399,  0.68401424,  0.17861231, -0.37432928,  0.02525064,\n",
      "        -0.64944422],\n",
      "       [-0.30080982, -0.17856163, -0.61569098, -0.67190163,  0.09738503,\n",
      "        -0.04146962]]))\n"
     ]
    }
   ],
   "source": [
    "plt.plot(errors)\n",
    "plt.show()\n",
    "print X\n",
    "print Y\n",
    "print kissProject(Y)\n",
    "print sols\n",
    "\n",
    "print eig(sols)"
   ]
  },
  {
   "cell_type": "markdown",
   "metadata": {},
   "source": [
    "Clearly, we only care about the first 3 eigenvectors."
   ]
  },
  {
   "cell_type": "code",
   "execution_count": 8,
   "metadata": {},
   "outputs": [
    {
     "name": "stdout",
     "output_type": "stream",
     "text": [
      "1.00404167153\n"
     ]
    }
   ],
   "source": [
    "centers = eig(sols)[1][:, :3]\n",
    "centers = centers/norm(centers[0])\n",
    "print norm(centers[5])"
   ]
  },
  {
   "cell_type": "code",
   "execution_count": 9,
   "metadata": {},
   "outputs": [
    {
     "name": "stdout",
     "output_type": "stream",
     "text": [
      "[[ 0.83712613 -0.48293668  0.25688909]\n",
      " [ 0.09105136  0.66531127 -0.74757174]\n",
      " [ 0.85100996  0.52298346 -0.0427572 ]\n",
      " [ 0.62548823 -0.23726924 -0.74664422]\n",
      " [-0.06283193  0.96985033  0.25325087]\n",
      " [-0.42651232 -0.25317901 -0.87297612]]\n",
      "[[ 1.       -0.437125  0.448851  0.446394 -0.455917 -0.459033]\n",
      " [-0.437125  1.009793  0.457396  0.457264  0.450208  0.445335]\n",
      " [ 0.448851  0.457396  0.999558  0.440133  0.442917 -0.458049]\n",
      " [ 0.446394  0.457264  0.440133  1.00501  -0.458505  0.445096]\n",
      " [-0.455917  0.450208  0.442917 -0.458505  1.008694 -0.439829]\n",
      " [-0.459033  0.445335 -0.458049  0.445096 -0.439829  1.0081  ]]\n",
      "[[ 1.       -0.432013  0.453869  0.449514 -0.452834 -0.459022]\n",
      " [-0.432013  1.        0.454384  0.452782  0.446739  0.439551]\n",
      " [ 0.453869  0.454384  1.        0.442897  0.438506 -0.458724]\n",
      " [ 0.449514  0.452782  0.442897  1.       -0.454647  0.436495]\n",
      " [-0.452834  0.446739  0.438506 -0.454647  1.       -0.435239]\n",
      " [-0.459022  0.439551 -0.458724  0.436495 -0.435239  1.      ]]\n"
     ]
    }
   ],
   "source": [
    "print centers\n",
    "print np.real(np.round(np.matmul(centers, centers.transpose()), 6))\n",
    "print np.round(sols, 6)"
   ]
  },
  {
   "cell_type": "markdown",
   "metadata": {},
   "source": [
    "So far, so good.\n",
    "\n",
    "Now, we go on to dimension $4$."
   ]
  },
  {
   "cell_type": "markdown",
   "metadata": {},
   "source": [
    "### $d = 4$"
   ]
  },
  {
   "cell_type": "code",
   "execution_count": 10,
   "metadata": {
    "collapsed": true
   },
   "outputs": [],
   "source": [
    "d = 4\n",
    "k = 12\n",
    "\n",
    "X = semiDefProject(np.random.rand(k, k)*2 - 1)\n",
    "\n",
    "Y, errors, sols = RRR(X, lambda x: rankProject(x, d, False), kissProject, 0.5, 1e-8, 10000, True)"
   ]
  },
  {
   "cell_type": "code",
   "execution_count": 11,
   "metadata": {},
   "outputs": [
    {
     "data": {
